Reading spec from /home/h/ransomware_set/impressions/config/config_2 batch index = 2
Time(msec)
dirtree 10149.141000
filecontent 0.000005
extension            0.000001
aging 0.000000
depthcare 0.000000
poisson 92.696000
filesize            318.082000
file_creation 0.000002
main_time(s) 147.000000
new_main_time(s) 147
Filesize_mean: 41710.194971 sddev: 7630083.284540
mu: 5.429377 sigma: 3.227731 
totalbytes: 13838525067.000000 totalfiles: 331778 totaldirs: 32527
totalbytes (GB): 12.888131
Bin: 0 	68854 	0.000000 	0.2075303366 	0.0000000000
Bin: 1 	29837 	29837.000000 	0.0899306163 	0.0000021561
Bin: 2 	34640 	84125.000000 	0.1044071638 	0.0000060790
Bin: 3 	36837 	194782.000000 	0.1110290616 	0.0000140753
Bin: 4 	36854 	405408.000000 	0.1110803007 	0.0000292956
Bin: 5 	33274 	744127.000000 	0.1002899529 	0.0000537721
Bin: 6 	28297 	1279125.000000 	0.0852889583 	0.0000924322
Bin: 7 	22479 	2028408.000000 	0.0677531361 	0.0001465769
Bin: 8 	16002 	2889585.000000 	0.0482310461 	0.0002088073
Bin: 9 	10664 	3830480.000000 	0.0321419745 	0.0002767983
Bin: 10 	6505 	4669768.000000 	0.0196064839 	0.0003374469
Bin: 11 	3744 	5358673.000000 	0.0112846542 	0.0003872286
Bin: 12 	2060 	5889506.000000 	0.0062089711 	0.0004255877
Bin: 13 	951 	5296899.000000 	0.0028663745 	0.0003827647
Bin: 14 	508 	5676335.000000 	0.0015311443 	0.0004101835
Bin: 15 	159 	3541841.000000 	0.0004792361 	0.0002559406
Bin: 16 	62 	2735982.000000 	0.0001868719 	0.0001977076
Bin: 17 	21 	1759936.000000 	0.0000632953 	0.0001271766
Bin: 18 	11 	1907405.000000 	0.0000331547 	0.0001378330
Bin: 19 	8 	2841357.000000 	0.0000241125 	0.0002053222
Bin: 20 	0 	0.000000 	0.0000000000 	0.0000000000
Bin: 21 	0 	0.000000 	0.0000000000 	0.0000000000
Bin: 22 	0 	0.000000 	0.0000000000 	0.0000000000
Bin: 23 	0 	0.000000 	0.0000000000 	0.0000000000
Bin: 24 	0 	0.000000 	0.0000000000 	0.0000000000
Bin: 25 	0 	0.000000 	0.0000000000 	0.0000000000
Bin: 26 	0 	0.000000 	0.0000000000 	0.0000000000
Bin: 27 	0 	0.000000 	0.0000000000 	0.0000000000
Bin: 28 	0 	0.000000 	0.0000000000 	0.0000000000
Bin: 29 	0 	0.000000 	0.0000000000 	0.0000000000
Bin: 30 	4 	2989812341.000000 	0.0000120563 	0.2160499278
Bin: 31 	7 	10797549147.000000 	0.0000210984 	0.7802528878
Bin: 32 	0 	0.000000 	0.0000000000 	0.0000000000
Bin: 33 	0 	0.000000 	0.0000000000 	0.0000000000
Bin: 34 	0 	0.000000 	0.0000000000 	0.0000000000
Bin: 35 	0 	0.000000 	0.0000000000 	0.0000000000
Bin: 36 	0 	0.000000 	0.0000000000 	0.0000000000
Bin: 37 	0 	0.000000 	0.0000000000 	0.0000000000
Bin: 38 	0 	0.000000 	0.0000000000 	0.0000000000
Bin: 39 	0 	0.000000 	0.0000000000 	0.0000000000
Bin: 40 	0 	0.000000 	0.0000000000 	0.0000000000
Bin: 41 	0 	0.000000 	0.0000000000 	0.0000000000
Bin: 42 	0 	0.000000 	0.0000000000 	0.0000000000
Bin: 43 	0 	0.000000 	0.0000000000 	0.0000000000
Bin: 44 	0 	0.000000 	0.0000000000 	0.0000000000
Bin: 45 	0 	0.000000 	0.0000000000 	0.0000000000
Bin: 46 	0 	0.000000 	0.0000000000 	0.0000000000
Bin: 47 	0 	0.000000 	0.0000000000 	0.0000000000
Bin: 48 	0 	0.000000 	0.0000000000 	0.0000000000
Bin: 49 	0 	0.000000 	0.0000000000 	0.0000000000
