Reading spec from /home/h/ransomware_set/impressions/config/config_1 batch index = 1
Time(msec)
dirtree 211.762000
filecontent 0.000008
extension            0.000001
aging 0.000001
depthcare 0.000000
poisson 11.230000
filesize            28.159000
file_creation 0.000002
main_time(s) 26.000000
new_main_time(s) 26
Filesize_mean: 305443.738794 sddev: 5578459.749371
mu: 9.723122 sigma: 2.410975 
totalbytes: 10937023955.000000 totalfiles: 35807 totaldirs: 3510
totalbytes (GB): 10.185897
Bin: 0 	4 	0.000000 	0.0001117100 	0.0000000000
Bin: 1 	6 	6.000000 	0.0001675650 	0.0000000005
Bin: 2 	9 	25.000000 	0.0002513475 	0.0000000023
Bin: 3 	28 	152.000000 	0.0007819700 	0.0000000139
Bin: 4 	61 	729.000000 	0.0017035775 	0.0000000667
Bin: 5 	152 	3487.000000 	0.0042449800 	0.0000003188
Bin: 6 	286 	13491.000000 	0.0079872651 	0.0000012335
Bin: 7 	492 	46188.000000 	0.0137403301 	0.0000042231
Bin: 8 	930 	174666.000000 	0.0259725752 	0.0000159702
Bin: 9 	1377 	521713.000000 	0.0384561678 	0.0000477016
Bin: 10 	2040 	1528784.000000 	0.0569721004 	0.0001397806
Bin: 11 	2734 	4090220.000000 	0.0763537856 	0.0003739792
Bin: 12 	3415 	10234538.000000 	0.0953724132 	0.0009357699
Bin: 13 	3730 	22232132.000000 	0.1041695758 	0.0020327405
Bin: 14 	3976 	46970828.000000 	0.1110397408 	0.0042946626
Bin: 15 	3857 	90626104.000000 	0.1077163683 	0.0082861759
Bin: 16 	3499 	162997029.000000 	0.0977183232 	0.0149032342
Bin: 17 	2870 	267881596.000000 	0.0801519256 	0.0244930977
Bin: 18 	2330 	433948860.000000 	0.0650710755 	0.0396770513
Bin: 19 	1566 	581910979.000000 	0.0437344653 	0.0532056052
Bin: 20 	1039 	762914247.000000 	0.0290166727 	0.0697551958
Bin: 21 	650 	950887358.000000 	0.0181528751 	0.0869420568
Bin: 22 	400 	1175660910.000000 	0.0111710001 	0.1074936761
Bin: 23 	197 	1155024572.000000 	0.0055017175 	0.1056068430
Bin: 24 	79 	874984909.000000 	0.0022062725 	0.0800021023
Bin: 25 	50 	1150048825.000000 	0.0013963750 	0.1051518978
Bin: 26 	19 	904655454.000000 	0.0005306225 	0.0827149559
Bin: 27 	7 	677123096.000000 	0.0001954925 	0.0619110920
Bin: 28 	1 	145255719.000000 	0.0000279275 	0.0132811009
Bin: 29 	2 	678602905.000000 	0.0000558550 	0.0620463947
Bin: 30 	1 	838684433.000000 	0.0000279275 	0.0766830572
Bin: 31 	0 	0.000000 	0.0000000000 	0.0000000000
Bin: 32 	0 	0.000000 	0.0000000000 	0.0000000000
Bin: 33 	0 	0.000000 	0.0000000000 	0.0000000000
Bin: 34 	0 	0.000000 	0.0000000000 	0.0000000000
Bin: 35 	0 	0.000000 	0.0000000000 	0.0000000000
Bin: 36 	0 	0.000000 	0.0000000000 	0.0000000000
Bin: 37 	0 	0.000000 	0.0000000000 	0.0000000000
Bin: 38 	0 	0.000000 	0.0000000000 	0.0000000000
Bin: 39 	0 	0.000000 	0.0000000000 	0.0000000000
Bin: 40 	0 	0.000000 	0.0000000000 	0.0000000000
Bin: 41 	0 	0.000000 	0.0000000000 	0.0000000000
Bin: 42 	0 	0.000000 	0.0000000000 	0.0000000000
Bin: 43 	0 	0.000000 	0.0000000000 	0.0000000000
Bin: 44 	0 	0.000000 	0.0000000000 	0.0000000000
Bin: 45 	0 	0.000000 	0.0000000000 	0.0000000000
Bin: 46 	0 	0.000000 	0.0000000000 	0.0000000000
Bin: 47 	0 	0.000000 	0.0000000000 	0.0000000000
Bin: 48 	0 	0.000000 	0.0000000000 	0.0000000000
Bin: 49 	0 	0.000000 	0.0000000000 	0.0000000000
